
M17_KDE_Kernel	-1.03	1.03	-2	2	
M17_KDE_Scale	9.97466e-18	1	9.97466e-18	1	
start	
MIG7	1048	1211	1041.5	1217.5	
MIG8	1039	1151.5	1031	1159.5	
MIG9	994	1022.5	899.5	1035	
MIG10	1278.5	1299.5	1273.5	1384.5	
MIG1	987.5	1022.5	897.5	1028	
MIG2	892	979.5	774.5	1017	
MIG3	1280.5	1381	1275.5	1390.5	
MIG4	1046.5	1202	1040	1213	
MIG5	1320.5	1399	1305.5	1406	
MIG6	1175.5	1255	1165.5	1262	
MIG18	1024.5	1147	996	1157.5	
MIG19	1327.5	1407.5	1320.5	1421	
MIGC1	1229.5	1280.5	1220	1290.5	
MIGC2	776	892.5	772	956	
MIGC4	900.5	1022.5	892.5	1028.5	
MIGC6	1233.5	1280.5	1226.5	1284	
MIG11	1698.5	1910.5	1694	1918	
M17_deep	
end	
Sequence()	
M17_KDE	
Hundalm_KDE_Kernel	-1.03	1.03	-2	2	
Hundalm_KDE_Scale	9.97466e-18	1	9.97466e-18	1	
start	
H14	-889.5	-795.5	-898	-790	
Hundalm I	
I/II	
H19	610.5	670	601	772	
H20	606	652	592.5	661	
H21	598	642.5	570.5	650.5	
H-I	612	669	601.5	758.5	
Hundalm II	
II/III	
H1	1510	1635.5	1489.5	1640.5	
H2	1499.5	1633.5	1482.5	1638	
H3	1703	1908.5	1694.5	1917.5	
H12	1640.5	1794	1525.5	1800	
H13	1226.5	1263	1216.5	1276	
H16	1229	1271	1216	1281.5	
H17	1228	1269	1220.5	1277	
H18	1445.5	1611	1437.5	1623.5	
H22	1476	1620.5	1459	1631.5	
H23	1223	1265	1178.5	1278	
H25	1674	1943	1666.5		
H26	1280.5	1377	1276	1385	
H27	1295.5	1390	1282.5	1396	
H28	1668.5		1660.5		
Hundalm III	
end	
Sequence()	
Hundalm_KDE	
@M17_KDE	
@M17_KDE_Kernel	-1	1.01	-2	2	
@M17_KDE_Scale	0.156	0.546	0.074	0.847	
@start	891	960.5	828	975.5	
@MIG7	1042	1213	1037.5	1217.5	
@MIG8	1032	1150.5	1029.5	1157	
@MIG9	995	1021	958.5	1035.5	
@MIG10	1278.5	1299.5	1272	1382.5	
@MIG1	988.5	1020.5	905	1028.5	
@MIG2	939	993.5	895	1019	
@MIG3	1278.5	1377	1274	1387.5	
@MIG4	1039.5	1203.5	1035.5	1214.5	
@MIG5	1314.5	1357.5	1302.5	1403	
@MIG6	1178.5	1261.5	1166	1266.5	
@MIG18	1022	1124	995.5	1156.5	
@MIG19	1323	1353.5	1310.5	1415	
@MIGC1	1233	1282	1221	1291.5	
@MIGC2	928	974.5	865	990.5	
@MIGC4	972.5	1023.5	900.5	1030.5	
@MIGC6	1259	1282	1227	1285	
@MIG11	1696.5	1720.5	1682.5	1838	
@end	1701	1749	1689	1872	
@Hundalm_KDE	
@Hundalm_KDE_Kernel	-1.01	0.99	-2	2	
@Hundalm_KDE_Scale	0.039	0.136	0.017	0.252	
@start	-870.5	-804	-956.5	-792.5	
@H14	-829.5	-795.5	-894	-787	
@I/II	563	647	-878.5	654.5	
@H19	639	666	605	674.5	
@H20	612.5	654	600	660	
@H21	613	649	586	655.5	
@H-I	639	665.5	606	671.5	
@II/III	648	1246	615.5	1259	
@H1	1551.5	1640	1497	1643.5	
@H2	1558.5	1637.5	1491.5	1641.5	
@H3	1700	1718.5	1690	1726.5	
@H12	1640.5	1665	1525.5	1795	
@H13	1236	1267.5	1220.5	1275	
@H16	1237.5	1272	1221.5	1279.5	
@H17	1236.5	1270.5	1223.5	1276.5	
@H18	1458	1624	1445	1633	
@H22	1495.5	1628	1469.5	1634.5	
@H23	1233.5	1268	1217.5	1277	
@H25	1668	1733.5	1661	1766	
@H26	1280.5	1299.5	1274	1379	
@H27	1285	1318	1276.5	1391	
@H28	1662.5	1734	1653.5	1771.5	
@end	1703	1754.5	1692.5	1822.5	
Kugina_KDE_Kernel	-1.03	1.03	-2	2	
Kugina_KDE_Scale	9.97466e-18	1	9.97466e-18	1	
start	
KG1	1046.5	1173	1039.5	1208.5	
KG2	1045	1157.5	1032.5	1166.5	
KG3	1267.5	1287.5	1229	1299.5	
KG4	1275.5	1376.5	1265.5	1388	
Kugina	
end	
Sequence()	
Kugina_KDE	
@Kugina_KDE	
@Kugina_KDE_Kernel	-1.01	1	-1.99	2.02	
@Kugina_KDE_Scale	0.196	0.778	0.158	1	
@start	1058.5	1157.5	1000.5	1195	
@KG1	1071.5	1204.5	1052	1213	
@KG2	1098.5	1169.5	1049.5	1208	
@KG3	1269.5	1285.5	1234	1299	
@KG4	1275	1294	1263.5	1305.5	
@end	1280.5	1317	1271	1379.5	
Vukusic_KDE_Kernel	-1.03	1.03	-2	2	
Vukusic_KDE_Scale	9.97466e-18	1	9.97466e-18	1	
start	
VUK11	-1532	-1454	-1607.5	-1435	
VUK12	1502.5	1635.5	1480	1640.5	
Vukusic	
end	
Sequence()	
Vukusic_KDE	
@Vukusic_KDE	
@Vukusic_KDE_Kernel	-1	1	-2	2.01	
@Vukusic_KDE_Scale	0.023	0.592	0.021	0.994	
@start	-1971	-1458.5	-3587	-1427.5	
@VUK11	-1530	-1454.5	-1604.5	-1432	
@VUK12	1494.5	1630.5	1475.5	1640	
@end	1494.5	2026.5	1464	3644.5	
Z_KDE_Kernel	-1.03	1.03	-2	2	
Z_KDE_Scale	9.97466e-18	1	9.97466e-18	1	
start	
Z-4329	1650.5		1637.5		
Z-2562	1669		1521		
Z-2583	1675	1942	1529		
Z	
end	
Sequence()	
Z_sum	
Z_KDE	
@Z_KDE	
@Z_KDE_Kernel	-0.97	1.03	-2.02	1.99	
@Z_KDE_Scale	0.695	1	0.407	1	
@Z_sum	
@start	1612	1805	1509.5	1936.5	
@Z-4329	1660.5	1945.5	1646.5	1949	
@Z-2562	1669	1866	1658	1946	
@Z-2583	1669.5	1862.5	1660	1944	
@end	1753.5	1959	1664	2062	