
KDE_Kernel	-1.02	1.02	-2	2	
KDE_Scale	9.97466e-18	1	9.97466e-18	1	
'start'	
MIG7	1045.5	1167	1036.5	1207	
MIG8	1029.5	1151	1024.5	1155	
MIG9	986	1020	902	1029.5	
MIG10	1275	1297	1266.5	1385	
MIG1	980.5	1015.5	901	1023	
MIG2	890.5	976.5	777.5	1012.5	
MIG3	1278.5	1381.5	1269	1389.5	
MIG4	1045	1162.5	1031.5	1205	
MIG5	1313	1399.5	1300	1409.5	
MIG6	1169	1221.5	1160.5	1255.5	
MIG18	1018	1147	997.5	1153.5	
MIG19	1324	1410	1311	1420	
MIGC1	1226	1279	1211	1290	
MIGC2	778	891	772.5	945.5	
MIGC4	904	1018	895	1023	
MIGC6	1252	1279.5	1224	1282	
MIG11	1698.5	1916.5	1692	1920.5	
M17_deep	
'end'	
Sequence()	
M17_sum	
KDE	
@KDE	
@KDE_Kernel	-1	1	-2.01	2	
@KDE_Scale	0.158	0.541	0.074	0.846	
@M17_sum	
@'start'	875	952	822.5	967	
@MIG7	1037	1165.5	1032	1207.5	
@MIG8	1025.5	1147	1023	1153	
@MIG9	987	1018.5	910.5	1030	
@MIG10	1275.5	1296	1266	1383.5	
@MIG1	980	1015	909.5	1023.5	
@MIG2	931	988	894.5	1013.5	
@MIG3	1275.5	1377	1267.5	1388	
@MIG4	1035.5	1161	1027.5	1205.5	
@MIG5	1307	1355.5	1297.5	1404.5	
@MIG6	1183	1252	1058	1264	
@MIG18	1016.5	1119	995	1152.5	
@MIG19	1317	1350.5	1307	1414.5	
@MIGC1	1244.5	1280.5	1215.5	1290	
@MIGC2	926	967.5	857	979.5	
@MIGC4	967	1017.5	903	1024.5	
@MIGC6	1253.5	1279.5	1225.5	1283	
@MIG11	1695	1720	1680.5	1851	
@'end'	1699.5	1746.5	1686	1883.5	