
T(5)	-1.135	1.135	-2.65	2.65	
U(0,4)	3.98986e-17	4	3.98986e-17	4	
General	
Start	
MIG-7	1045.5	1167	1036.5	1207	
MIG-8	1029.5	1151	1024.5	1155	
MIG-9	986	1020	902	1029.5	
MIG-10	1275	1297	1266.5	1385	
MIG-1	980.5	1015.5	901	1023	
MIG-2	891	975.5	777.5	1012	
MIG-4	1045	1162.5	1031.5	1205	
MIG-3	1278.5	1381.5	1269	1389.5	
MIG-C1	1226	1279	1211	1290	
MIG-C2	778	891	772.5	945.5	
MIG-C4	904	1018	895	1023	
MIG-C6	1252	1279.5	1224	1282	
MIG-5	1313	1399.5	1300	1409.5	
End	
U(-2,2)	-2	2	-2	2	
M17_ice_shaft	-2	2	-2	2	
	
	
@General	-380	600	-498	690	
@	
@	2.096	2.472	1.924	2.664	
@M17_ice_shaft	-0.83897	1.88103	-0.83897	1.88103	
@Start	488	616.5	488	731	
@MIG-7	502.5	648	497.5	758.5	
@MIG-8	531	696	514	796	
@MIG-9	569.5	782	533	839.5	
@MIG-10	643.5	851.5	563.5	934	
@MIG-1	776	969	650	1025.5	
@MIG-2	859.5	1013.5	717.5	1111	
@MIG-4	972.5	1152	845	1270	
@MIG-3	1057	1284.5	924	1366.5	
@MIG-C1	1141.5	1309	1049.5	1445	
@MIG-C2	1150	1311.5	1056.5	1454	
@MIG-C4	1190	1347.5	1112	1541	
@MIG-C6	1240.5	1390.5	1162	1646.5	
@MIG-5	1288	1683	1288	1683	
@End	1427	1927.5	1395.5	1930	
@depthModel	488	617	488	731.5	
@depthModel	488	621	488	734	
@depthModel	490.5	626.5	488	735.5	
@depthModel	491	625.5	488	737	
@depthModel	491.5	626	490.5	741.5	
@depthModel	492	626.5	491	741.5	
@depthModel	493	630.5	491	742.5	
@depthModel	494	631	491.5	743.5	
@depthModel	495.5	636	492	745	
@depthModel	496.5	637	493	746.5	
@depthModel	497.5	637	494	748.5	
@depthModel	498	638.5	495	750	
@depthModel	499.5	639.5	495.5	755.5	
@depthModel	500.5	643	496	756.5	
@depthModel	501.5	647	497	757.5	
@depthModel	504	649	498.5	760	
@depthModel	505.5	653.5	500	761.5	
@depthModel	507	656.5	500.5	768	
@depthModel	508.5	658	501.5	769	
@depthModel	510.5	660	502.5	770	
@depthModel	512	665	503.5	771.5	
@depthModel	513.5	666.5	505	773.5	
@depthModel	515.5	669	505.5	780	
@depthModel	517	674	506.5	781	
@depthModel	519	675	507.5	782	
@depthModel	520.5	680.5	509	784	
@depthModel	522.5	682	510	785.5	
@depthModel	525	684	510.5	791	
@depthModel	526.5	689.5	511.5	793	
@depthModel	528.5	690.5	513	794.5	
@depthModel	533	697.5	515.5	799.5	
@depthModel	535.5	699.5	516	803.5	
@depthModel	537.5	704	517.5	804.5	
@depthModel	540	705	519	806	
@depthModel	541.5	711	520	809	
@depthModel	544.5	712	521	813	
@depthModel	546	717.5	522	815.5	
@depthModel	549	719	523.5	817	
@depthModel	550.5	724	525	819	
@depthModel	553.5	725.5	525.5	822.5	
@depthModel	555.5	730.5	526.5	826	
@depthModel	558	732.5	528	828	
@depthModel	560.5	735.5	529.5	830	
@depthModel	563.5	736.5	530.5	834	
@depthModel	565.5	741	531.5	837	
@depthModel	570.5	749	534.5	840.5	
@depthModel	573	752	535	844	
@depthModel	575.5	755	536	846.5	
@depthModel	578	758.5	537	849.5	
@depthModel	581	762	538.5	851	
@depthModel	583.5	765	540	854	
@depthModel	585.5	768.5	540.5	856.5	
@depthModel	589	771.5	541	860.5	
@depthModel	591	776.5	543	862	
@depthModel	595	777.5	544.5	864.5	
@depthModel	599.5	785	545.5	868	
@depthModel	602.5	789.5	546	871.5	
@depthModel	605.5	791.5	547	874.5	
@depthModel	607.5	795.5	549	876	
@depthModel	609.5	798.5	550	879	
@depthModel	611.5	801.5	550.5	882	
@depthModel	613.5	805	551	886	
@depthModel	616	808	551.5	889.5	
@depthModel	619.5	810.5	553	891.5	
@depthModel	620.5	815	554	894	
@depthModel	622.5	817.5	555.5	897	
@depthModel	624.5	820	555.5	900.5	
@depthModel	626	823.5	556	905.5	
@depthModel	628.5	826	557.5	908	
@depthModel	630	829.5	559	910.5	
@depthModel	631.5	832.5	559.5	913.5	
@depthModel	633.5	835	560.5	917	
@depthModel	635.5	838	561	921	
@depthModel	637	841.5	561	925	
@depthModel	639.5	845	562	927.5	
@depthModel	640.5	849.5	563	930.5	
@depthModel	776	969	651.5	1026	
@depthModel	776.5	968.5	653.5	1025.5	
@depthModel	778.5	965.5	655.5	1026	
@depthModel	780.5	964.5	656.5	1027.5	
@depthModel	781	964.5	658	1028	
@depthModel	782	962.5	659.5	1029	
@depthModel	783.5	960.5	660.5	1029.5	
@depthModel	784.5	960.5	662	1030.5	
@depthModel	786.5	959.5	665	1030.5	
@depthModel	788	958.5	666	1031.5	
@depthModel	789.5	958	668	1032	
@depthModel	790.5	959	668.5	1033	
@depthModel	792.5	960	669.5	1034	
@depthModel	795	960.5	670.5	1034	
@depthModel	796.5	962	671	1035.5	
@depthModel	797.5	964	675.5	1035.5	
@depthModel	799.5	964.5	676.5	1036.5	
@depthModel	801	966	677.5	1037	
@depthModel	803.5	966.5	678	1038.5	
@depthModel	805	968.5	679.5	1039.5	
@depthModel	805.5	970	680.5	1040.5	
@depthModel	808	970.5	682.5	1041	
@depthModel	810.5	971	685	1041	
@depthModel	811	972.5	685.5	1042.5	
@depthModel	812	974	685.5	1044	
@depthModel	814	974.5	686	1045.5	
@depthModel	815	975	689.5	1045.5	
@depthModel	816	976	691	1046	
@depthModel	817.5	976.5	691.5	1047	
@depthModel	819.5	976.5	691.5	1048	
@depthModel	820	978	691.5	1049.5	
@depthModel	820.5	980	693	1050.5	
@depthModel	822	980.5	695	1050.5	
@depthModel	824	980.5	696	1052	
@depthModel	825.5	981	696.5	1054	
@depthModel	826	982.5	699.5	1055.5	
@depthModel	826.5	984.5	700.5	1056.5	
@depthModel	828.5	984.5	700.5	1060	
@depthModel	830	985.5	704	1060.5	
@depthModel	831	986.5	705	1061	
@depthModel	832	988	706	1065.5	
@depthModel	833.5	988.5	708	1066.5	
@depthModel	834.5	990	710	1068	
@depthModel	836	991	711.5	1070.5	
@depthModel	837	992	713.5	1071.5	
@depthModel	838.5	992.5	713	1074.5	
@depthModel	839.5	993.5	716	1075.5	
@depthModel	840.5	995	717	1077	
@depthModel	841.5	996	716.5	1078.5	
@depthModel	843	997	716.5	1080.5	
@depthModel	844.5	997.5	720.5	1081	
@depthModel	845	999.5	720	1083	
@depthModel	846	1001	718	1085	
@depthModel	847.5	1001.5	717.5	1087	
@depthModel	849.5	1002	716.5	1089	
@depthModel	850	1004	716	1091.5	
@depthModel	851	1005.5	716	1094	
@depthModel	852.5	1006.5	716.5	1096	
@depthModel	854	1007.5	716.5	1098	
@depthModel	855	1009.5	716	1100.5	
@depthModel	856	1011	717	1103	
@depthModel	857.5	1012	716.5	1106	
@depthModel	858.5	1013	717.5	1108.5	
@depthModel	860.5	1015.5	718.5	1112	
@depthModel	862	1016	722	1111.5	
@depthModel	863.5	1016.5	723.5	1111.5	
@depthModel	864.5	1018	723.5	1113	
@depthModel	865	1019	725	1113.5	
@depthModel	865.5	1020.5	728	1113.5	
@depthModel	867.5	1020.5	727.5	1115	
@depthModel	870	1020.5	729	1115	
@depthModel	870.5	1022	730.5	1115.5	
@depthModel	871	1023.5	732.5	1116	
@depthModel	871	1025	732	1118	
@depthModel	873.5	1025	736.5	1118.5	
@depthModel	875	1025.5	737	1119	
@depthModel	876	1026.5	737	1120	
@depthModel	876.5	1028	739.5	1120.5	
@depthModel	877.5	1029	744.5	1120.5	
@depthModel	879	1029.5	746	1121.5	
@depthModel	880.5	1030.5	746	1122.5	
@depthModel	881	1031.5	750	1123.5	
@depthModel	882	1032.5	750.5	1125	
@depthModel	883.5	1033	757	1125.5	
@depthModel	884.5	1034	761	1126.5	
@depthModel	885.5	1035.5	762	1127.5	
@depthModel	886.5	1036	761	1128.5	
@depthModel	887.5	1037	761.5	1129.5	
@depthModel	889	1037.5	763.5	1130.5	
@depthModel	889.5	1039	766.5	1131	
@depthModel	890.5	1040.5	767.5	1132	
@depthModel	891.5	1041	767	1133	
@depthModel	893	1042	767.5	1133.5	
@depthModel	894.5	1042	769	1135	
@depthModel	895	1044	770	1135.5	
@depthModel	895.5	1045.5	771.5	1136	
@depthModel	897	1046	772	1137	
@depthModel	898	1047	772	1138	
@depthModel	899.5	1047	772	1139.5	
@depthModel	900	1049	772.5	1140	
@depthModel	901	1050.5	775.5	1140.5	
@depthModel	902	1051	776	1141.5	
@depthModel	903	1051.5	777	1142	
@depthModel	904.5	1052.5	777	1143	
@depthModel	905	1053.5	777	1144.5	
@depthModel	905.5	1055.5	779.5	1145	
@depthModel	906.5	1056	780.5	1146	
@depthModel	907.5	1056.5	781	1146.5	
@depthModel	908.5	1057.5	781.5	1147.5	
@depthModel	909.5	1058	782	1148	
@depthModel	910	1059.5	781.5	1149.5	
@depthModel	910.5	1060.5	782.5	1150	
@depthModel	911.5	1062	785	1150.5	
@depthModel	912	1063	785.5	1151	
@depthModel	914	1063	786	1152	
@depthModel	914.5	1064.5	786	1152.5	
@depthModel	915	1065	786	1153.5	
@depthModel	916	1066.5	785.5	1155	
@depthModel	916.5	1069	786.5	1155.5	
@depthModel	917.5	1069	788	1155.5	
@depthModel	918.5	1069.5	789	1156	
@depthModel	919.5	1070.5	790	1156	
@depthModel	920.5	1071.5	789.5	1158.5	
@depthModel	920.5	1075	790	1159.5	
@depthModel	921.5	1075.5	790.5	1160.5	
@depthModel	922.5	1076	792.5	1161	
@depthModel	924	1076	793.5	1162.5	
@depthModel	925	1076.5	793	1164	
@depthModel	925	1079	793	1165	
@depthModel	926	1081	795	1165.5	
@depthModel	926.5	1082	797	1166.5	
@depthModel	927.5	1082.5	797	1168	
@depthModel	928.5	1083	796.5	1169.5	
@depthModel	929.5	1083.5	800.5	1170.5	
@depthModel	930	1085	800.5	1172.5	
@depthModel	930.5	1087	800	1173.5	
@depthModel	931	1089.5	800	1175	
@depthModel	932	1090	804	1176	
@depthModel	933	1090	804	1177.5	
@depthModel	934	1090.5	803.5	1179	
@depthModel	935.5	1091	804.5	1180.5	
@depthModel	935.5	1094	807	1181.5	
@depthModel	936	1096.5	806.5	1183	
@depthModel	937	1097	806	1185	
@depthModel	938	1097.5	810.5	1185.5	
@depthModel	939	1098	810	1187.5	
@depthModel	940	1099	809.5	1189	
@depthModel	940.5	1100.5	810	1190.5	
@depthModel	941	1104	813	1191.5	
@depthModel	941.5	1104.5	812.5	1193.5	
@depthModel	942.5	1105	811.5	1195	
@depthModel	943.5	1105	815.5	1196	
@depthModel	944.5	1105.5	815.5	1198	
@depthModel	945.5	1106.5	814.5	1199.5	
@depthModel	945.5	1110.5	816.5	1200.5	
@depthModel	946.5	1112	818	1202	
@depthModel	947.5	1112	817.5	1204.5	
@depthModel	948	1112.5	819.5	1205.5	
@depthModel	949	1113	820.5	1207	
@depthModel	950	1114	820	1209.5	
@depthModel	950.5	1116	821.5	1210.5	
@depthModel	951	1119.5	823	1212.5	
@depthModel	952	1119.5	822.5	1214.5	
@depthModel	953	1120	825	1215.5	
@depthModel	953.5	1120.5	825.5	1217.5	
@depthModel	954.5	1121	824.5	1219.5	
@depthModel	955.5	1122.5	827.5	1221	
@depthModel	956	1126.5	827.5	1223	
@depthModel	956.5	1127	826.5	1225.5	
@depthModel	957.5	1127.5	830.5	1226.5	
@depthModel	958	1128	829.5	1228.5	
@depthModel	959	1128.5	830.5	1230.5	
@depthModel	960	1129.5	832.5	1232	
@depthModel	960.5	1133.5	831.5	1234	
@depthModel	961	1135	835.5	1235.5	
@depthModel	962	1135	834	1238	
@depthModel	962.5	1135.5	834	1240	
@depthModel	963.5	1136	837	1242	
@depthModel	964.5	1136.5	836	1244	
@depthModel	965.5	1139	839.5	1245.5	
@depthModel	966	1142.5	838.5	1248	
@depthModel	966.5	1143	837.5	1250	
@depthModel	967	1143	840.5	1252	
@depthModel	968	1143.5	839.5	1254.5	
@depthModel	968.5	1144	843	1256.5	
@depthModel	969.5	1145	841.5	1258.5	
@depthModel	970.5	1150.5	845.5	1260.5	
@depthModel	971	1150.5	844	1263	
@depthModel	971.5	1151	845.5	1265.5	
@depthModel	972	1151	846	1267	
@depthModel	1058.5	1284.5	925.5	1365.5	
@depthModel	1059	1284.5	926	1368	
@depthModel	1059.5	1285	927	1368.5	
@depthModel	1060	1285	929.5	1368	
@depthModel	1059.5	1285.5	930.5	1370.5	
@depthModel	1060.5	1285.5	933	1371	
@depthModel	1061.5	1285.5	935.5	1371.5	
@depthModel	1062	1285.5	936	1374.5	
@depthModel	1063	1285.5	937	1374	
@depthModel	1064	1285.5	938.5	1373	
@depthModel	1064.5	1285.5	939.5	1373.5	
@depthModel	1065	1286	940	1374.5	
@depthModel	1065.5	1286	941.5	1375.5	
@depthModel	1065.5	1286.5	944.5	1375	
@depthModel	1065	1287	945.5	1376.5	
@depthModel	1065.5	1287	946.5	1376.5	
@depthModel	1066	1287	947.5	1377	
@depthModel	1066	1287.5	950	1378	
@depthModel	1066.5	1287.5	950.5	1379	
@depthModel	1068	1287.5	951	1377.5	
@depthModel	1068.5	1287.5	952	1379	
@depthModel	1069	1288	954.5	1378	
@depthModel	1069.5	1288	956.5	1381	
@depthModel	1070	1288.5	957	1381	
@depthModel	1070.5	1288.5	960	1380.5	
@depthModel	1070.5	1289	960.5	1381.5	
@depthModel	1070.5	1289	961.5	1382.5	
@depthModel	1070.5	1289	962.5	1383.5	
@depthModel	1071	1289.5	964	1383.5	
@depthModel	1071.5	1289.5	965.5	1385.5	
@depthModel	1072.5	1290	967	1385.5	
@depthModel	1073.5	1290	968.5	1385.5	
@depthModel	1074.5	1290	971	1386.5	
@depthModel	1074.5	1290	972.5	1388	
@depthModel	1075.5	1290.5	974	1389	
@depthModel	1075.5	1290.5	975.5	1390.5	
@depthModel	1076.5	1290.5	976	1390.5	
@depthModel	1078	1290.5	979.5	1390.5	
@depthModel	1078	1291	980.5	1390.5	
@depthModel	1079	1291	981	1391.5	
@depthModel	1080	1291	982	1391.5	
@depthModel	1080.5	1291.5	983.5	1392.5	
@depthModel	1081	1291.5	984.5	1393	
@depthModel	1081	1291.5	985.5	1394.5	
@depthModel	1082	1291.5	986.5	1395	
@depthModel	1082.5	1291.5	988.5	1395	
@depthModel	1083	1292	990	1395.5	
@depthModel	1084.5	1291.5	990.5	1395.5	
@depthModel	1085	1291.5	991.5	1396	
@depthModel	1085.5	1292	994.5	1395.5	
@depthModel	1085.5	1292	995.5	1396.5	
@depthModel	1085.5	1292	996	1397	
@depthModel	1086	1292.5	997	1397.5	
@depthModel	1087	1292.5	998	1398	
@depthModel	1088	1292.5	998.5	1398.5	
@depthModel	1088.5	1292.5	999.5	1399	
@depthModel	1089	1292.5	1000.5	1400.5	
@depthModel	1089.5	1292.5	1002.5	1400.5	
@depthModel	1090.5	1292.5	1004	1400.5	
@depthModel	1090.5	1293	1006	1401	
@depthModel	1091	1293	1006	1401	
@depthModel	1091.5	1293	1008	1401	
@depthModel	1092.5	1293	1009	1402	
@depthModel	1093.5	1293	1009.5	1402.5	
@depthModel	1094	1293.5	1010.5	1403	
@depthModel	1095	1293.5	1011	1403.5	
@depthModel	1095.5	1293.5	1011.5	1404.5	
@depthModel	1096	1294	1012.5	1405	
@depthModel	1096.5	1294	1015	1405.5	
@depthModel	1097.5	1294	1016	1405.5	
@depthModel	1098.5	1294.5	1018	1406	
@depthModel	1099	1294.5	1020	1406.5	
@depthModel	1100	1294.5	1018	1408	
@depthModel	1100.5	1294.5	1015.5	1409.5	
@depthModel	1100.5	1295	1015.5	1410.5	
@depthModel	1101	1295	1017	1411	
@depthModel	1102	1295.5	1016.5	1413	
@depthModel	1103.5	1295.5	1015.5	1415	
@depthModel	1105	1295.5	1017	1415	
@depthModel	1105.5	1295.5	1019	1415	
@depthModel	1106.5	1295.5	1020.5	1416	
@depthModel	1107	1296	1020.5	1417	
@depthModel	1108	1296	1021	1418.5	
@depthModel	1109	1296.5	1022	1419	
@depthModel	1110	1296.5	1023	1419	
@depthModel	1110	1296.5	1024	1420	
@depthModel	1110.5	1297	1024.5	1420.5	
@depthModel	1110.5	1297.5	1025.5	1420.5	
@depthModel	1111	1297.5	1027	1421	
@depthModel	1112	1298	1027.5	1421.5	
@depthModel	1113	1298	1027.5	1422.5	
@depthModel	1114	1298.5	1026.5	1424	
@depthModel	1114.5	1298.5	1028	1424	
@depthModel	1115.5	1298.5	1029.5	1424.5	
@depthModel	1115.5	1299	1030.5	1425.5	
@depthModel	1115.5	1299.5	1031	1426	
@depthModel	1116	1299.5	1032	1426	
@depthModel	1117	1300	1034	1426	
@depthModel	1118	1300	1035	1426.5	
@depthModel	1119	1300	1034.5	1427.5	
@depthModel	1119.5	1300.5	1033.5	1428	
@depthModel	1121	1300.5	1033.5	1429	
@depthModel	1122.5	1301	1034.5	1429	
@depthModel	1123	1301	1035.5	1430	
@depthModel	1124	1301.5	1036	1430	
@depthModel	1124.5	1301.5	1037	1430.5	
@depthModel	1125.5	1302	1039	1431	
@depthModel	1126	1302.5	1040	1431.5	
@depthModel	1126.5	1303	1041	1432	
@depthModel	1126.5	1303	1040.5	1433	
@depthModel	1127	1303.5	1039.5	1434	
@depthModel	1128.5	1303.5	1038.5	1435	
@depthModel	1129.5	1304	1040	1435	
@depthModel	1130.5	1304	1043	1435.5	
@depthModel	1130.5	1304.5	1045.5	1436	
@depthModel	1131	1305	1046	1437	
@depthModel	1132	1305	1047.5	1437.5	
@depthModel	1133	1305.5	1048.5	1438	
@depthModel	1135	1305.5	1048	1439	
@depthModel	1136	1306	1046	1440	
@depthModel	1136.5	1306	1048	1440.5	
@depthModel	1137.5	1306.5	1050.5	1441	
@depthModel	1138	1307	1051.5	1441.5	
@depthModel	1139	1307	1051.5	1442.5	
@depthModel	1140.5	1307.5	1050.5	1443.5	
@depthModel	1140.5	1308	1049.5	1444.5	
@depthModel	1141	1308.5	1048.5	1445	
@depthModel	1141	1309	1052.5	1446	
@depthModel	1142	1309.5	1054	1447.5	
@depthModel	1143.5	1310	1051.5	1449	
@depthModel	1145.5	1310.5	1055	1449.5	
@depthModel	1146	1310.5	1055.5	1450	
@depthModel	1148	1311	1056.5	1450.5	
@depthModel	1150	1311	1057.5	1452	
@depthModel	1150.5	1312	1057.5	1455	
@depthModel	1150.5	1313	1060.5	1455.5	
@depthModel	1150.5	1313.5	1061	1456.5	
@depthModel	1150.5	1314	1060	1459	
@depthModel	1151	1314.5	1060.5	1460	
@depthModel	1152.5	1315	1063.5	1460.5	
@depthModel	1153.5	1315.5	1064.5	1462	
@depthModel	1156	1315.5	1066.5	1463.5	
@depthModel	1155.5	1316.5	1067.5	1464.5	
@depthModel	1155.5	1317	1069	1465.5	
@depthModel	1156	1317.5	1069	1467	
@depthModel	1157.5	1318	1069	1469	
@depthModel	1158.5	1318.5	1070	1470	
@depthModel	1159.5	1319	1072	1471	
@depthModel	1160	1319.5	1071.5	1473	
@depthModel	1160.5	1320	1072	1475	
@depthModel	1161.5	1320.5	1075.5	1475	
@depthModel	1162.5	1321	1075.5	1476.5	
@depthModel	1163.5	1321.5	1076	1478	
@depthModel	1164.5	1322	1076.5	1480	
@depthModel	1165	1322.5	1079.5	1480.5	
@depthModel	1165.5	1323.5	1080.5	1481.5	
@depthModel	1165.5	1324	1080	1483.5	
@depthModel	1165.5	1324.5	1080.5	1485.5	
@depthModel	1166.5	1325	1082.5	1486.5	
@depthModel	1167.5	1325.5	1085.5	1486.5	
@depthModel	1169	1325.5	1085.5	1488.5	
@depthModel	1169.5	1326.5	1085.5	1490.5	
@depthModel	1170	1327	1086.5	1492	
@depthModel	1170.5	1327.5	1086.5	1493.5	
@depthModel	1171	1328.5	1087.5	1495	
@depthModel	1171.5	1329	1090	1496	
@depthModel	1172	1329.5	1089.5	1497.5	
@depthModel	1172.5	1330	1091	1498.5	
@depthModel	1173	1330.5	1091.5	1500.5	
@depthModel	1174.5	1330.5	1093.5	1501	
@depthModel	1175	1331.5	1094	1502.5	
@depthModel	1175.5	1332	1094	1504.5	
@depthModel	1175.5	1332.5	1095	1506	
@depthModel	1176	1333.5	1095.5	1507.5	
@depthModel	1176.5	1334	1096.5	1508.5	
@depthModel	1177.5	1334.5	1097	1510.5	
@depthModel	1178	1335	1099	1511.5	
@depthModel	1178.5	1335.5	1099.5	1513	
@depthModel	1179	1336	1099	1515	
@depthModel	1180	1336.5	1100	1516	
@depthModel	1180.5	1337.5	1101	1517.5	
@depthModel	1180.5	1338	1102	1519	
@depthModel	1181	1338.5	1102.5	1520.5	
@depthModel	1181.5	1339	1103.5	1521	
@depthModel	1182	1339.5	1104	1523	
@depthModel	1182.5	1340	1104	1525.5	
@depthModel	1183.5	1340.5	1105.5	1525.5	
@depthModel	1184	1341.5	1106.5	1526.5	
@depthModel	1184.5	1342	1106.5	1528	
@depthModel	1185	1343	1107	1530	
@depthModel	1185.5	1343.5	1108	1531	
@depthModel	1186	1344	1108.5	1532.5	
@depthModel	1186.5	1344.5	1109	1534.5	
@depthModel	1187	1345	1110	1534.5	
@depthModel	1188	1345.5	1111	1537	
@depthModel	1189	1346	1110.5	1539	
@depthModel	1190	1346.5	1110.5	1540	
@depthModel	1190.5	1348	1114	1543	
@depthModel	1190.5	1348.5	1115.5	1544	
@depthModel	1191.5	1349	1117.5	1545	
@depthModel	1192	1349.5	1120	1546	
@depthModel	1193	1350	1120.5	1548.5	
@depthModel	1194.5	1350.5	1121	1550.5	
@depthModel	1195	1351	1124.5	1550.5	
@depthModel	1195.5	1352	1125.5	1552	
@depthModel	1195.5	1353	1125.5	1555.5	
@depthModel	1196	1353.5	1127	1557	
@depthModel	1196.5	1354	1128.5	1557.5	
@depthModel	1197.5	1354.5	1130.5	1559.5	
@depthModel	1198	1355	1131.5	1561	
@depthModel	1199	1355	1133	1562	
@depthModel	1200	1356	1134	1563.5	
@depthModel	1200.5	1356.5	1135.5	1565.5	
@depthModel	1201	1357.5	1135.5	1568.5	
@depthModel	1201.5	1358	1136.5	1570.5	
@depthModel	1202.5	1358.5	1138	1571	
@depthModel	1203	1359	1140	1571	
@depthModel	1203	1360	1140.5	1573	
@depthModel	1203.5	1360	1141	1575.5	
@depthModel	1205	1360.5	1142	1577	
@depthModel	1205.5	1361.5	1142	1579.5	
@depthModel	1206	1362.5	1143.5	1580.5	
@depthModel	1206.5	1363	1144.5	1582	
@depthModel	1207.5	1363.5	1145.5	1583	
@depthModel	1208	1364	1146	1585.5	
@depthModel	1208	1365	1146.5	1587	
@depthModel	1208.5	1365.5	1146.5	1590	
@depthModel	1211	1365.5	1148	1590.5	
@depthModel	1211	1366.5	1148.5	1593	
@depthModel	1211.5	1367.5	1149	1594.5	
@depthModel	1212	1368.5	1150.5	1595	
@depthModel	1213.5	1369	1150.5	1597	
@depthModel	1214	1369.5	1150.5	1600	
@depthModel	1214.5	1370	1151	1602	
@depthModel	1215.5	1370.5	1151.5	1604	
@depthModel	1217	1371.5	1152.5	1606	
@depthModel	1218	1372	1153	1605.5	
@depthModel	1220	1373	1153.5	1607.5	
@depthModel	1220	1373.5	1154	1609.5	
@depthModel	1220	1374.5	1154.5	1612	
@depthModel	1220.5	1375	1154.5	1615.5	
@depthModel	1221	1375.5	1155.5	1614	
@depthModel	1224.5	1375.5	1155.5	1618	
@depthModel	1225	1377	1156	1621	
@depthModel	1225.5	1378	1156	1622.5	
@depthModel	1225.5	1379	1156.5	1625.5	
@depthModel	1227	1379.5	1157	1625.5	
@depthModel	1226.5	1380	1157.5	1626	
@depthModel	1226.5	1380.5	1157.5	1626.5	
@depthModel	1230	1381	1158	1628.5	
@depthModel	1231.5	1382	1158	1630	
@depthModel	1232.5	1383	1158.5	1630	
@depthModel	1232.5	1384	1159	1630	
@depthModel	1232	1385	1159	1632.5	
@depthModel	1233.5	1385.5	1159.5	1635	
@depthModel	1236	1385.5	1159.5	1635.5	
@depthModel	1238	1386.5	1160	1636	
@depthModel	1237.5	1388	1160	1636.5	
@depthModel	1237	1389.5	1160.5	1641	
@depthModel	1240.5	1390	1161	1643.5	